		(1)	(2)	(3)	(4)	(5)	(6)	(7)	(8)	(9)	(10)	(11)	(12)
VARIABLES	LABELS	Inc_wins_ln_Anderson	Inc_wins_ln_Anderson	Inc_wins_ln_Anderson	Inc_wins_ln_Anderson	Inc_wins_ln_pca	Inc_wins_ln_pca	Inc_wins_ln_pca	Inc_wins_ln_pca	Inc_wins_ln_Katz	Inc_wins_ln_Katz	Inc_wins_ln_Katz	Inc_wins_ln_Katz
													
treatment__IFU_1	treatment__IFU_1	-0.036	-0.039	-0.102	-0.091	-0.205	-0.231	-0.316	-0.298	-0.052	-0.060	-0.085	-0.081
		(0.043)	(0.034)	(0.038)***	(0.032)***	(0.140)	(0.104)**	(0.143)**	(0.106)***	(0.038)	(0.028)**	(0.038)**	(0.029)***
treatment__IFU_2	treatment__IFU_2	-0.000	-0.004	-0.082	-0.071	-0.210	-0.237	-0.370	-0.352	-0.057	-0.065	-0.100	-0.095
		(0.041)	(0.035)	(0.040)**	(0.035)**	(0.131)	(0.106)**	(0.138)***	(0.115)***	(0.034)*	(0.027)**	(0.036)***	(0.029)***
treatment__IFU_3	treatment__IFU_3	0.020	0.017	-0.035	-0.024	-0.117	-0.143	-0.219	-0.201	-0.030	-0.039	-0.055	-0.050
		(0.036)	(0.034)	(0.035)	(0.034)	(0.129)	(0.125)	(0.130)*	(0.126)	(0.033)	(0.033)	(0.034)	(0.033)
treatmentEast_IFU_1	treatmentEast_IFU_1			0.332	0.259			0.557	0.336			0.168	0.102
				(0.143)**	(0.111)**			(0.424)	(0.321)			(0.115)	(0.086)
treatmentEast_IFU_2	treatmentEast_IFU_2			0.410	0.337			0.797	0.576			0.215	0.149
				(0.116)***	(0.098)***			(0.354)**	(0.273)**			(0.090)**	(0.070)**
treatmentEast_IFU_3	treatmentEast_IFU_3			0.279	0.206			0.511	0.289			0.125	0.058
				(0.103)***	(0.105)*			(0.396)	(0.394)			(0.102)	(0.102)
Inc_wins_ln_Anderson_BS	Inc_wins_ln_Anderson_BS		0.397		0.380								
			(0.053)***		(0.050)***								
Inc_wins_ln_pca_BS	Inc_wins_ln_pca_BS						0.524		0.518				
							(0.043)***		(0.042)***				
Inc_wins_ln_Katz_BS	Inc_wins_ln_Katz_BS										0.511		0.505
											(0.040)***		(0.039)***
Constant	Constant	-0.000	-0.000	-0.000	-0.000	0.000	-0.000	0.000	-0.000	0.000	-0.000	0.000	-0.000
		(0.023)	(0.018)	(0.023)	(0.018)	(0.085)	(0.062)	(0.086)	(0.062)	(0.022)	(0.016)	(0.023)	(0.016)
													
Observations		1,500	1,500	1,500	1,500	1,500	1,500	1,500	1,500	1,500	1,500	1,500	1,500
R-squared		0.887	0.910	0.893	0.914	0.918	0.944	0.920	0.944	0.919	0.945	0.921	0.945
East in FU1				0.0954	0.113			0.547	0.902			0.447	0.797
East in FU2				0.00284	0.00408			0.189	0.367			0.164	0.404
Robust standard errors in parentheses													
*** p<0.01, ** p<0.05, * p<0.1													
